sample,steps,parameters,fidelities,step_sizes
1,0,"[0.024070716617077714, 0.9503868069093695, 0.14179399213241517, -0.4279841859301228, 0.36264092957783367, -0.8657533827205381, 0.04210796826991148, -0.802876313270454, -0.08494728601454371, 0.6593514660089266, -0.7737967899882561, 0.5373706703300261, -0.9917101960690411, 0.38906063333317054, -0.14612345736439258, -0.713983934845275, 0.5106875040212395, 0.3637444272417685, 0.39295332196102617, 0.8593835905996365, 0.3029783379304509, -0.227577791643649, -0.1465286729408486, -0.28536929081408524, -0.7994513004212704, 0.5631568294425513, 0.7441873665933758, -0.5647720532561595, -0.4769457280382958, 0.47847154252134616, 0.2829177964415637, 0.6577424599783581, -0.8314361412098128, -0.05362779653585914, -0.033073149971004856, -0.2714201423133762]",0.1108618974685669,0.0
1,1,"[-0.07590593, 0.8503986, 0.04180929, -0.32799116, 0.46263295, -0.76575595, 0.14209715, -0.7028809, -0.18494472, 0.5593631, -0.67380047, 0.43737373, -1.0916977, 0.28907594, -0.04612714, -0.613987, 0.6106833, 0.4637396, 0.49295056, 0.9593798, 0.40297556, -0.12758113, -0.24652207, -0.38536468, -0.6994718, 0.4631635, 0.6441903, -0.4647771, -0.5769412, 0.5784685, 0.38291615, 0.557876, -0.93143284, 0.046368696, -0.13307026, -0.37140512]",0.1108618974685669,0.0
1,2,"[-0.001205951, 0.73197854, 0.10601086, -0.1969177, 0.51712143, -0.6328031, 0.27369422, -0.5683805, -0.30524522, 0.58481807, -0.5497324, 0.3040044, -1.2228519, 0.15530056, 0.08838689, -0.48034015, 0.72324514, 0.5951316, 0.6219108, 1.0806572, 0.53024155, 0.006980896, -0.21734181, -0.517616, -0.7265282, 0.35600755, 0.51021636, -0.33441734, -0.70728856, 0.67668027, 0.5131683, 0.43541592, -1.065986, 0.18065923, -0.26683834, -0.45749456]",0.3346240520477295,0.0
1,3,"[0.11919339, 0.58682376, 0.22121589, -0.043042287, 0.47628802, -0.5016335, 0.4284514, -0.41134745, -0.38553482, 0.6806844, -0.43752378, 0.20621032, -1.2526664, 0.14994168, 0.23652197, -0.32392478, 0.71952003, 0.74982715, 0.7376269, 1.1634046, 0.64830077, 0.15715317, -0.11910655, -0.65603846, -0.72232467, 0.271526, 0.37503612, -0.2784928, -0.800701, 0.6672596, 0.60739493, 0.38783073, -1.2094973, 0.3316875, -0.3988483, -0.58374965]",0.5251893997192383,0.0
1,4,"[0.2570188, 0.42348537, 0.35585278, 0.07297454, 0.4115222, -0.4444556, 0.58510447, -0.24179521, -0.39892098, 0.8036801, -0.4211109, 0.19779578, -1.2587028, 0.22069928, 0.34237066, -0.16206686, 0.65026164, 0.8857889, 0.79922295, 1.1782395, 0.7138655, 0.257235, 0.010991432, -0.71777755, -0.6564057, 0.2991883, 0.3155522, -0.33290341, -0.81270844, 0.6001462, 0.6193832, 0.46357203, -1.2866563, 0.45870173, -0.46784344, -0.7336644]",0.5751449465751648,0.0
1,5,"[0.3794099, 0.25083357, 0.46092921, 0.07995267, 0.40001053, -0.4542696, 0.6753093, -0.07384513, -0.37295222, 0.9109591, -0.47854504, 0.25124946, -1.3045249, 0.32632998, 0.36949065, -0.030408844, 0.55616504, 0.93769217, 0.8010394, 1.1506414, 0.7316123, 0.27219358, 0.14947155, -0.69748336, -0.5536169, 0.39095533, 0.33452848, -0.43923435, -0.7900899, 0.5126642, 0.5744375, 0.5539073, -1.2753958, 0.529612, -0.4729793, -0.8925226]",0.5651420950889587,0.0
1,6,"[0.45349875, 0.075991854, 0.4935883, 0.017329201, 0.4356281, -0.4934503, 0.68300086, 0.08266507, -0.33612168, 0.95265466, -0.57202363, 0.3381001, -1.3568643, 0.44265944, 0.33677366, 0.05412063, 0.46189982, 0.9184848, 0.76694554, 1.0944852, 0.71963847, 0.23245743, 0.26485354, -0.63222206, -0.4583866, 0.51663566, 0.39898166, -0.57344043, -0.7646484, 0.43048632, 0.4935275, 0.55124676, -1.2094666, 0.5406917, -0.43258002, -1.0062448]",0.6073274612426758,0.0
1,7,"[0.46563876, -0.09088071, 0.4555024, -0.0836034, 0.4855351, -0.53300893, 0.643163, 0.20667781, -0.30567515, 0.9269247, -0.67799807, 0.43093473, -1.375501, 0.5292916, 0.26851845, 0.09226605, 0.38955617, 0.8576097, 0.72166914, 1.0212061, 0.68944466, 0.16345102, 0.32294095, -0.5459563, -0.42709178, 0.660004, 0.48505116, -0.71680546, -0.74558365, 0.36929372, 0.3920116, 0.48427236, -1.1145239, 0.5091408, -0.3648752, -1.0229685]",0.6830013394355774,0.0
1,8,"[0.43870342, -0.23635194, 0.37215772, -0.20000085, 0.5364569, -0.5486291, 0.5901716, 0.2773562, -0.28739882, 0.8586543, -0.7683751, 0.49900275, -1.3883287, 0.5589098, 0.18798265, 0.09370069, 0.35307243, 0.78042036, 0.68826115, 0.9565554, 0.6523908, 0.0864154, 0.32199073, -0.46159214, -0.41208905, 0.7985934, 0.5691363, -0.84150946, -0.7306624, 0.33164975, 0.28559315, 0.3950454, -1.0135841, 0.45785555, -0.2893662, -1.0180273]",0.7411038875579834,0.0
1,9,"[0.40628502, -0.3488521, 0.26676652, -0.30366716, 0.58620465, -0.5255928, 0.55589277, 0.29776788, -0.2747315, 0.77129364, -0.8069578, 0.5268303, -1.4281412, 0.5503861, 0.12139714, 0.07207067, 0.34918556, 0.7156396, 0.6835811, 0.9277397, 0.6242019, 0.023704775, 0.2813903, -0.39728463, -0.365153, 0.9023858, 0.6243823, -0.91610265, -0.7144351, 0.31044412, 0.18899852, 0.3084914, -0.93316793, 0.4086349, -0.22835201, -1.0565703]",0.7380328178405762,0.0
1,10,"[0.3986298, -0.42370135, 0.16177052, -0.36983073, 0.6261343, -0.46488988, 0.55150265, 0.28265002, -0.25412533, 0.6887933, -0.7845211, 0.5190732, -1.4900855, 0.5343623, 0.08881817, 0.039096896, 0.36406937, 0.6889456, 0.7088107, 0.9317064, 0.6188448, -0.009376325, 0.2183344, -0.35767412, -0.30359137, 0.96343565, 0.63451093, -0.93328834, -0.6880208, 0.29967004, 0.11038028, 0.2199825, -0.89130974, 0.37322533, -0.19733584, -1.1349381]",0.7008268237113953,0.0
1,11,"[0.42767596, -0.45944172, 0.079008736, -0.3894596, 0.6483883, -0.37618166, 0.5674748, 0.24446422, -0.21324918, 0.63271487, -0.71714115, 0.48727733, -1.551478, 0.53502136, 0.09391079, 0.003097035, 0.38520837, 0.7066818, 0.754832, 0.9482547, 0.6403756, -0.012199765, 0.14419958, -0.336865, -0.28085545, 0.9965031, 0.6010461, -0.90609145, -0.6419548, 0.29654458, 0.05067909, 0.11867683, -0.88774616, 0.3516686, -0.1974918, -1.2269878]",0.687159538269043,0.0
1,12,"[0.4865503, -0.4541318, 0.034998633, -0.36470065, 0.6545079, -0.2717711, 0.5891037, 0.19283831, -0.14621809, 0.6097436, -0.62204456, 0.44577658, -1.5858693, 0.5550715, 0.12870109, -0.02989503, 0.40792665, 0.75893587, 0.8090368, 0.95584506, 0.6797452, 0.004712602, 0.066576146, -0.32302812, -0.3181393, 1.0207441, 0.5344557, -0.8508279, -0.57346743, 0.29493144, 0.0058200024, 0.014672071, -0.9107478, 0.3390773, -0.22046293, -1.2996093]",0.7156601548194885,0.0
1,13,"[0.56041896, -0.40966398, 0.03408857, -0.30408278, 0.6510064, -0.16724363, 0.60535693, 0.13522932, -0.05616852, 0.6101185, -0.5149088, 0.40966105, -1.5949756, 0.57762146, 0.18142144, -0.057476085, 0.43375397, 0.8297276, 0.8578322, 0.9404816, 0.7164899, 0.025324287, -0.008913517, -0.3007344, -0.39341176, 1.0494087, 0.4478689, -0.7829356, -0.48985016, 0.28673357, -0.030130483, -0.05626563, -0.9445118, 0.33160317, -0.2538841, -1.3331668]",0.7682897448539734,0.0
1,14,"[0.6298481, -0.33453602, 0.068834245, -0.21969675, 0.6409679, -0.081675306, 0.61013854, 0.07572807, 0.045531683, 0.61671215, -0.4121113, 0.3898948, -1.6155607, 0.5797397, 0.2394631, -0.082834125, 0.4635762, 0.899564, 0.88929266, 0.9003079, 0.7261161, 0.034133207, -0.07833192, -0.25628218, -0.47918266, 1.0855658, 0.35669997, -0.7170241, -0.40805644, 0.27056468, -0.06275253, -0.07386936, -0.9722921, 0.32836714, -0.28388262, -1.3417902]",0.8134725689888,0.0
1,15,"[0.67468476, -0.23997636, 0.1272169, -0.12495006, 0.62147915, -0.029636934, 0.59886914, 0.015801024, 0.14053911, 0.6114704, -0.32845622, 0.39049158, -1.6767602, 0.5488088, 0.2906367, -0.111560576, 0.49407777, 0.9487495, 0.8972093, 0.84112, 0.6975613, 0.02346791, -0.13998544, -0.18529865, -0.54776263, 1.1243482, 0.27864406, -0.66465366, -0.3516887, 0.25366616, -0.0976316, -0.059079412, -0.98052907, 0.32826284, -0.29889208, -1.3532016]",0.833861231803894,0.0
1,16,"[0.6871075, -0.13712335, 0.19611019, -0.033322535, 0.5860778, -0.012643993, 0.56910336, -0.0428375, 0.21016906, 0.58079946, -0.27234367, 0.40987927, -1.7705295, 0.4881228, 0.3257302, -0.14670207, 0.51941645, 0.96795934, 0.88330585, 0.7703234, 0.63700825, -0.004667951, -0.19382572, -0.0921435, -0.5902051, 1.1588149, 0.22799806, -0.63072705, -0.33546585, 0.24619348, -0.14064693, -0.043849774, -0.9641546, 0.32650602, -0.29452604, -1.3830006]",0.8414576649665833,0.0
1,17,"[0.67485553, -0.036188923, 0.2614441, 0.04332857, 0.52923065, -0.021949908, 0.5232693, -0.09646307, 0.24819618, 0.520633, -0.24397792, 0.44209075, -1.8730788, 0.40829816, 0.3418323, -0.18749627, 0.5333922, 0.96171725, 0.8549418, 0.6941454, 0.5567089, -0.04314235, -0.23965943, 0.014477946, -0.6189855, 1.1843365, 0.20850037, -0.61294943, -0.35464537, 0.25537676, -0.19664928, -0.051115748, -0.92663777, 0.31558967, -0.2737775, -1.4221092]",0.8559401035308838,0.0
1,18,"[0.6527758, 0.054503493, 0.31037208, 0.097317725, 0.45100918, -0.044257775, 0.46742707, -0.13929044, 0.26236624, 0.43577012, -0.2371405, 0.47748688, -1.9452438, 0.32072574, 0.34360394, -0.23018332, 0.5308535, 0.9417459, 0.82135355, 0.61803406, 0.47025985, -0.0846776, -0.27559045, 0.12197213, -0.64922017, 1.1993017, 0.21404396, -0.60434496, -0.39191917, 0.28251708, -0.26782522, -0.078252755, -0.8764355, 0.28961968, -0.2440396, -1.4462502]",0.8775424957275391,0.0
1,19,"[0.63599503, 0.12968446, 0.33593524, 0.12716793, 0.35866305, -0.06473495, 0.40982154, -0.16538352, 0.26629508, 0.33673555, -0.24264003, 0.50485444, -1.9701933, 0.23529758, 0.34193805, -0.26916528, 0.51077044, 0.9204405, 0.7904354, 0.5479286, 0.3924074, -0.12523513, -0.2984938, 0.21412566, -0.68736845, 1.2046925, 0.23379429, -0.59658563, -0.4256988, 0.32261533, -0.3524874, -0.10622616, -0.8249568, 0.24897966, -0.21448202, -1.4453973]",0.8938068151473999,0.0
1,20,"[0.63374424, 0.18756002, 0.33860338, 0.13653514, 0.26356348, -0.070480585, 0.36024168, -0.17152745, 0.27285975, 0.2388083, -0.25139353, 0.51520663, -1.9740044, 0.15949157, 0.35004976, -0.29904494, 0.4771329, 0.90658665, 0.7661525, 0.48877102, 0.33603752, -0.16512096, -0.30588496, 0.2788549, -0.73296773, 1.202938, 0.25572926, -0.5824058, -0.44071582, 0.36577275, -0.4456037, -0.116414, -0.7841485, 0.20030491, -0.19378428, -1.4369959]",0.8981465697288513,0.0
1,21,"[0.64576095, 0.22851375, 0.32365933, 0.13065036, 0.1747912, -0.055351008, 0.32702285, -0.1585767, 0.28938088, 0.15993592, -0.25640485, 0.5049629, -1.989027, 0.09795366, 0.37726995, -0.31669366, 0.43592626, 0.90323776, 0.74761593, 0.44040245, 0.3057252, -0.20701876, -0.29676607, 0.31657994, -0.7853669, 1.1964226, 0.2690563, -0.55699396, -0.43716213, 0.39949036, -0.54002166, -0.1058618, -0.7616486, 0.15266585, -0.18734795, -1.4424123]",0.8952395915985107,0.0
1,22,"[0.66458297, 0.2532175, 0.29817256, 0.11387572, 0.09484614, -0.021424487, 0.3132885, -0.13062112, 0.3161572, 0.11231195, -0.25370628, 0.4766215, -2.0237463, 0.052609097, 0.42513457, -0.32163477, 0.39307055, 0.90839934, 0.7304103, 0.39696267, 0.29641673, -0.253196, -0.27149573, 0.33700386, -0.8444027, 1.186232, 0.2667053, -0.51867926, -0.4261386, 0.41293404, -0.6272755, -0.08648121, -0.7579326, 0.11355975, -0.19540226, -1.461191]",0.8966442346572876,0.0
1,23,"[0.68070513, 0.26198772, 0.26892, 0.08964315, 0.022915222, 0.023421831, 0.3167979, -0.09355937, 0.34856594, 0.09574825, -0.24249424, 0.4373292, -2.0601106, 0.023217902, 0.48905385, -0.31491923, 0.3546888, 0.917107, 0.70868576, 0.3508811, 0.2976229, -0.30414447, -0.23201334, 0.3519987, -0.90562075, 1.1712961, 0.24685948, -0.46894908, -0.42105347, 0.40198824, -0.6987331, -0.075573884, -0.76833946, 0.086773306, -0.21336882, -1.4710398]",0.9064472317695618,0.0
1,24,"[0.6879306, 0.25571555, 0.24078879, 0.061300114, -0.040119097, 0.068274096, 0.3327214, -0.05411738, 0.38003683, 0.10071414, -0.22487295, 0.39676833, -2.0749962, 0.0077892477, 0.5620313, -0.29837453, 0.32709244, 0.9235532, 0.67695355, 0.2972724, 0.29784983, -0.35906965, -0.18248633, 0.37069032, -0.957423, 1.149009, 0.21259932, -0.41209182, -0.4301822, 0.37091282, -0.7485053, -0.08377958, -0.7868016, 0.07221402, -0.23347837, -1.4508739]",0.919576108455658,0.0
1,25,"[0.6865544, 0.23681311, 0.21602172, 0.03231238, -0.0915467, 0.102047145, 0.35605407, -0.01892291, 0.4046322, 0.11390348, -0.20499764, 0.36481667, -2.0665593, 0.0032990272, 0.6375189, -0.2746383, 0.31467137, 0.92332107, 0.63184875, 0.23577183, 0.2884668, -0.41681674, -0.12937912, 0.39716792, -0.9866982, 1.1177206, 0.17032003, -0.35438624, -0.45316947, 0.33019343, -0.7765955, -0.10902593, -0.80860275, 0.06659895, -0.24700001, -1.4031619]",0.9318563938140869,0.0
1,26,"[0.68210804, 0.2089389, 0.19465092, 0.005725637, -0.13082053, 0.11706907, 0.38198924, 0.006837411, 0.41878808, 0.12210575, -0.18750444, 0.3487244, -2.0516543, 0.006748937, 0.7109166, -0.24711137, 0.31714132, 0.9152886, 0.5737267, 0.1696261, 0.26609507, -0.47574556, -0.080679685, 0.4306667, -0.99071145, 1.0790778, 0.12782484, -0.30264863, -0.4831397, 0.29338458, -0.7889837, -0.14347841, -0.83134663, 0.06462773, -0.2471955, -1.3449976]",0.940782368183136,0.0
1,27,"[0.6806108, 0.17613316, 0.1757335, -0.016289443, -0.16195652, 0.11145988, 0.40504432, 0.02056852, 0.42178982, 0.11600979, -0.17570573, 0.35074222, -2.0470343, 0.016191259, 0.77979046, -0.21956287, 0.32870343, 0.90182287, 0.50682485, 0.103864916, 0.23239887, -0.5331553, -0.04435976, 0.4667519, -0.9787888, 1.037854, 0.092126265, -0.26223332, -0.51003927, 0.27237576, -0.7952392, -0.18149173, -0.8543227, 0.060745224, -0.23181167, -1.2944143]",0.9451990127563477,0.0
1,28,"[0.68433744, 0.14213881, 0.15869217, -0.032410525, -0.19166963, 0.08851949, 0.41877562, 0.022509495, 0.41528535, 0.09282555, -0.17035799, 0.36804202, -2.053919, 0.031062936, 0.842862, -0.19552481, 0.33971635, 0.8873507, 0.43839547, 0.043817453, 0.19215903, -0.5853441, -0.026220024, 0.49897772, -0.96498305, 1.000086, 0.06728084, -0.23524535, -0.52377903, 0.2722501, -0.80555993, -0.22163358, -0.87694633, 0.051220257, -0.20356849, -1.257423]",0.9471104741096497,0.0
1,29,"[0.69147646, 0.11015798, 0.1440575, -0.04187448, -0.22530255, 0.054656804, 0.41770297, 0.015238393, 0.40249163, 0.05557062, -0.1696889, 0.3943378, -2.0609617, 0.051205613, 0.8989209, -0.17775787, 0.3406616, 0.876148, 0.376862, -0.0058308803, 0.15118559, -0.6289067, -0.028174985, 0.5215754, -0.96008795, 0.97053146, 0.05352485, -0.22005278, -0.5181388, 0.29073605, -0.8277604, -0.26331574, -0.8977361, 0.03550317, -0.16870186, -1.225832]",0.9491493105888367,0.0
1,30,"[0.698294, 0.08280034, 0.13332957, -0.044310816, -0.26367554, 0.01764575, 0.40052316, 0.0028324416, 0.38721302, 0.010751873, -0.17057501, 0.42161855, -2.0589652, 0.07541199, 0.9467368, -0.16791259, 0.32690534, 0.8703346, 0.32854867, -0.042134598, 0.114488944, -0.6625788, -0.048126854, 0.53217155, -0.96610206, 0.95019555, 0.04802198, -0.21212074, -0.4935298, 0.32116503, -0.8651919, -0.3031536, -0.9145998, 0.016027575, -0.134686, -1.1878123]",0.952622652053833,0.0
1,31,"[0.7018726, 0.06194535, 0.12822318, -0.039797295, -0.30258337, -0.014826678, 0.37126595, -0.01021747, 0.37269157, -0.033521675, -0.17008999, 0.44199905, -2.0510368, 0.10118498, 0.9857085, -0.16621475, 0.30049872, 0.86913085, 0.2948375, -0.06487002, 0.08489016, -0.687812, -0.08111204, 0.5324778, -0.9772923, 0.93564755, 0.046328925, -0.20550893, -0.45647338, 0.3552385, -0.916769, -0.33553356, -0.9259372, -0.00312417, -0.10791206, -1.1382862]",0.957406759262085,0.0
1,32,"[0.7025919, 0.048535284, 0.12978427, -0.028993009, -0.33444768, -0.03680852, 0.33743215, -0.02019329, 0.3606093, -0.06931098, -0.16663852, 0.44994056, -2.0490038, 0.12597558, 1.0164454, -0.17120227, 0.268261, 0.8695218, 0.27217698, -0.076403216, 0.06260554, -0.7074328, -0.120606415, 0.5266995, -0.9854307, 0.9206851, 0.043921977, -0.19462046, -0.41729707, 0.38508576, -0.9782687, -0.3569126, -0.9316577, -0.017847756, -0.09198228, -1.0810215]",0.9616930484771729,0.0
1,33,"[0.70490825, 0.04248467, 0.13779666, -0.013165509, -0.35130227, -0.04553761, 0.30672038, -0.02505361, 0.35065657, -0.090992294, -0.16030514, 0.44390363, -2.0609412, 0.1485135, 1.0408581, -0.17994602, 0.23860526, 0.86772317, 0.25442013, -0.080433846, 0.045999642, -0.7235651, -0.15960975, 0.5189716, -0.9845115, 0.8992567, 0.037566062, -0.17589337, -0.38702515, 0.4049084, -1.0436196, -0.36918244, -0.933538, -0.025300143, -0.08729305, -1.024146]",0.9641461968421936,0.0
1,34,"[0.71551055, 0.042843197, 0.15065454, 0.0059618857, -0.3483861, -0.04181252, 0.28379226, -0.024693474, 0.340872, -0.096863456, -0.15247911, 0.42636955, -2.0823705, 0.16898389, 1.0617815, -0.18900816, 0.21835658, 0.8608023, 0.23564091, -0.08057001, 0.03297748, -0.7364205, -0.19177395, 0.51120645, -0.97254, 0.8680734, 0.026155926, -0.14876857, -0.3731208, 0.41180024, -1.1061528, -0.37871972, -0.9347603, -0.024451742, -0.09178232, -0.9744807]",0.9657394289970398,0.0
1,35,"[0.73968107, 0.048170123, 0.16563025, 0.026437232, -0.32641536, -0.029228222, 0.2687413, -0.020640831, 0.3285495, -0.08928748, -0.14511399, 0.40257674, -2.0992527, 0.18831867, 1.082303, -0.19584215, 0.21048798, 0.8478152, 0.21223153, -0.079582185, 0.022169217, -0.7447574, -0.21270812, 0.5025174, -0.9507282, 0.82760024, 0.010658746, -0.115467474, -0.37665123, 0.4056922, -1.1602576, -0.39260805, -0.93878835, -0.015994906, -0.10200594, -0.93400925]",0.9682448506355286,0.0
1,36,"[0.7783231, 0.056913618, 0.17938955, 0.046266615, -0.29122427, -0.012945926, 0.25799853, -0.015486678, 0.31128225, -0.07372618, -0.1399735, 0.37889212, -2.0990064, 0.20752427, 1.1049625, -0.19989973, 0.21382551, 0.83001715, 0.1835851, -0.0793168, 0.013389533, -0.74742895, -0.22099894, 0.49034455, -0.9220089, 0.7813496, -0.0067002503, -0.07989368, -0.39326096, 0.3889136, -1.2031676, -0.41488716, -0.94803, -0.0019782176, -0.1139977, -0.90041405]",0.972261369228363,0.0
1,37,"[0.82747555, 0.067603864, 0.1886143, 0.06358594, -0.25180203, 0.0016031619, 0.24662042, -0.012158148, 0.2877943, -0.057328157, -0.13799976, 0.3611524, -2.0816033, 0.22732198, 1.1310244, -0.20276774, 0.22438626, 0.8102474, 0.151479, -0.080679394, 0.007384887, -0.74463713, -0.21827555, 0.47227865, -0.8898464, 0.73429143, -0.023517285, -0.04623136, -0.41609448, 0.36563295, -1.2357883, -0.44490126, -0.9628738, 0.014682106, -0.1239541, -0.86986756]",0.9768452644348145,0.0
1,38,"[0.87937677, 0.07888164, 0.19067596, 0.07686588, -0.21746752, 0.010016767, 0.23055065, -0.013043618, 0.2583681, -0.047078975, -0.13884111, 0.3531225, -2.0593207, 0.24791895, 1.1600463, -0.20727983, 0.23703629, 0.79180163, 0.118905574, -0.083427824, 0.005140219, -0.73779756, -0.20829377, 0.4472319, -0.85717887, 0.690936, -0.038126305, -0.01764292, -0.43830675, 0.34108174, -1.2618322, -0.4779922, -0.9815406, 0.03083998, -0.12889281, -0.8390748]",0.9802096486091614,0.0
1,39,"[0.92415893, 0.089531034, 0.18422428, 0.08512239, -0.1942138, 0.009979336, 0.2081004, -0.019123001, 0.22485854, -0.047607202, -0.14073132, 0.35556978, -2.0485868, 0.2689959, 1.1899709, -0.21608163, 0.24685058, 0.77714133, 0.08891906, -0.08612672, 0.0070841406, -0.72833437, -0.19558182, 0.4155455, -0.8258565, 0.65370554, -0.050070927, 0.00455489, -0.4547047, 0.32053205, -1.2858136, -0.507438, -1.0008391, 0.04384567, -0.12720436, -0.80609906]",0.9815281629562378,0.0
1,40,"[0.95286316, 0.09860443, 0.16946927, 0.08803872, -0.1821533, 0.0016456647, 0.18029825, -0.029469315, 0.19034149, -0.059663646, -0.1409159, 0.36639217, -2.0581238, 0.29008272, 1.2177916, -0.23027799, 0.25019038, 0.76695293, 0.06377392, -0.086594395, 0.012603048, -0.7165279, -0.1841395, 0.3785739, -0.79706526, 0.6224861, -0.06001473, 0.020906862, -0.462587, 0.30821848, -1.3109826, -0.52705324, -1.0175755, 0.052180775, -0.11890098, -0.7704773]",0.9821138978004456,0.0
1,41,"[0.9611756, 0.10556484, 0.14803906, 0.08592333, -0.17616585, -0.012758185, 0.15032542, -0.04150132, 0.15842019, -0.08018249, -0.13662009, 0.38157752, -2.0833313, 0.31112084, 1.2406852, -0.24872342, 0.24560136, 0.76002336, 0.044422697, -0.082782455, 0.02016962, -0.7014962, -0.1765192, 0.33845642, -0.77233285, 0.5954519, -0.069228396, 0.033136237, -0.46210095, 0.3064999, -1.3382379, -0.5338491, -1.0299596, 0.05582683, -0.105473965, -0.73327905]",0.9837633967399597,0.0
1,42,"[0.95090246, 0.11029763, 0.12253413, 0.07953125, -0.16899002, -0.029820297, 0.12229578, -0.05197877, 0.13224716, -0.103564166, -0.12621051, 0.39647284, -2.111296, 0.33264723, 1.2572284, -0.26817566, 0.23429874, 0.75393116, 0.030333757, -0.073708735, 0.027994107, -0.6823556, -0.17346291, 0.2980167, -0.75373137, 0.5703032, -0.07896461, 0.043230787, -0.45611322, 0.31538454, -1.3663679, -0.529215, -1.0382212, 0.056290902, -0.089454606, -0.69702446]",0.9864487051963806,0.0
1,43,"[0.9284454, 0.11294667, 0.09596382, 0.069844164, -0.1549836, -0.04599244, 0.099530116, -0.0582517, 0.11354584, -0.123503044, -0.10997368, 0.40706453, -2.1288705, 0.35537317, 1.2680701, -0.28421113, 0.2198896, 0.7461502, 0.019672666, -0.060010478, 0.034758423, -0.6596111, -0.17409804, 0.26034075, -0.7425638, 0.54526246, -0.08996326, 0.05270229, -0.44929543, 0.33249766, -1.3931596, -0.5178999, -1.044209, 0.056216408, -0.07381046, -0.66483295]",0.9887692332267761,0.0
1,44,"[0.90232193, 0.113684446, 0.07115683, 0.057896603, -0.13263933, -0.058538314, 0.08310432, -0.059138693, 0.102068685, -0.1350521, -0.09013258, 0.41102695, -2.1308331, 0.37958208, 1.2756718, -0.29264942, 0.20725916, 0.73508483, 0.009934639, -0.04389216, 0.039972633, -0.635815, -0.17656311, 0.2279851, -0.73766756, 0.51969624, -0.10217596, 0.062229443, -0.4465139, 0.35357088, -1.4167616, -0.50579363, -1.0503782, 0.058536295, -0.061249234, -0.6388975]",0.9898765683174133,0.0
1,45,"[0.88055426, 0.112586856, 0.050324783, 0.044686995, -0.10445475, -0.06609036, 0.071610995, -0.055082154, 0.09571344, -0.13626754, -0.070123255, 0.40820885, -2.121413, 0.4048411, 1.2831763, -0.29098493, 0.20068108, 0.72060925, -0.0010701437, -0.02847926, 0.04380806, -0.61490405, -0.17882866, 0.20208573, -0.7348527, 0.49428895, -0.11473191, 0.0717014, -0.45082518, 0.37341377, -1.4366021, -0.4976499, -1.0587387, 0.06534639, -0.053553678, -0.61919796]",0.9900438189506531,0.0
1,46,"[0.86806494, 0.109678924, 0.03489659, 0.031164274, -0.07492601, -0.06867286, 0.062200367, -0.04769381, 0.09122673, -0.12860894, -0.053434845, 0.4004071, -2.1090019, 0.4301804, 1.2929147, -0.27916276, 0.2018229, 0.70395416, -0.014268499, -0.016826313, 0.046617985, -0.60042167, -0.17941111, 0.18197326, -0.72818565, 0.47065842, -0.12616943, 0.08053236, -0.46205968, 0.3872913, -1.4534812, -0.4956351, -1.0701684, 0.07697493, -0.051171005, -0.6036708]",0.9900214076042175,0.0
1,47,"[0.8653478, 0.10507079, 0.025538815, 0.018244512, -0.048227474, -0.067319684, 0.052176975, -0.039051723, 0.08527367, -0.116090484, -0.04244454, 0.39061174, -2.1001265, 0.45460102, 1.3053219, -0.25940648, 0.20884627, 0.68710816, -0.028902754, -0.010964686, 0.048473474, -0.59363323, -0.17771643, 0.16573352, -0.71283615, 0.45052195, -0.13489938, 0.0880659, -0.4769521, 0.39239272, -1.4690325, -0.49920103, -1.0842873, 0.09173267, -0.053221926, -0.5898018]",0.9904112815856934,0.0
1,48,"[0.86919254, 0.09904289, 0.022241704, 0.0068128873, -0.026620498, -0.063543566, 0.04027277, -0.031040853, 0.07555735, -0.10375885, -0.03770625, 0.38203436, -2.09609, 0.47758147, 1.3188205, -0.23538846, 0.21715316, 0.6720346, -0.04287107, -0.011341384, 0.048976827, -0.59275126, -0.1739518, 0.1514372, -0.68790704, 0.43481085, -0.13973631, 0.09389352, -0.4906731, 0.3887473, -1.484985, -0.5059657, -1.099814, 0.10645891, -0.05790092, -0.57632107]",0.9912123084068298,0.0
1,49,"[0.8746305, 0.09199256, 0.024419675, -0.0023135478, -0.01020832, -0.05887191, 0.026965152, -0.024878137, 0.06161134, -0.095937684, -0.03794698, 0.37717575, -2.0938885, 0.49920818, 1.3306754, -0.21116559, 0.22144814, 0.6599893, -0.0536757, -0.01681122, 0.047448613, -0.59375745, -0.16877179, 0.13829502, -0.6572195, 0.4232185, -0.14027362, 0.09796202, -0.49899778, 0.3791536, -1.5025945, -0.51293856, -1.1151346, 0.117642306, -0.063103534, -0.56372166]",0.9918975830078125,0.0
1,50,"[0.87706757, 0.084274895, 0.031031676, -0.008477025, 0.0020753192, -0.05455742, 0.0138028795, -0.020907752, 0.044962768, -0.09471709, -0.04067308, 0.3771723, -2.0898838, 0.5197993, 1.3383421, -0.19014475, 0.21828356, 0.6511604, -0.059566073, -0.0251099, 0.04334382, -0.59229845, -0.16289859, 0.12703724, -0.6275477, 0.4144232, -0.13696036, 0.10046508, -0.5000686, 0.36821318, -1.5223826, -0.5176396, -1.1288532, 0.12270082, -0.067060195, -0.55328465]",0.9921519160270691,0.0
1,51,"[0.8739203, 0.076052055, 0.040739715, -0.011305643, 0.011110177, -0.051462136, 0.0023090066, -0.018719627, 0.028598338, -0.09934083, -0.04308214, 0.38161835, -2.0830054, 0.53932, 1.3406457, -0.17433831, 0.20772165, 0.6447201, -0.060366433, -0.033601023, 0.036599163, -0.5856503, -0.15688322, 0.11927582, -0.6049723, 0.40679792, -0.13089338, 0.101646185, -0.49478105, 0.36077446, -1.5441147, -0.51882994, -1.1401994, 0.12086833, -0.0687541, -0.5455442]",0.9923029541969299,0.0
1,52,"[0.8652528, 0.06725655, 0.052096296, -0.010807973, 0.016836409, -0.050043702, -0.0067930613, -0.017521039, 0.015909579, -0.106733896, -0.042951558, 0.3888624, -2.0752459, 0.557082, 1.3382547, -0.16412921, 0.19316572, 0.6392024, -0.057607725, -0.040049054, 0.027692892, -0.57370985, -0.15104423, 0.116269745, -0.59112877, 0.39916238, -0.123444915, 0.10166448, -0.4858001, 0.36020413, -1.5668967, -0.51674086, -1.1492118, 0.11330745, -0.06800022, -0.5396232]",0.9927800297737122,0.0
1,53,"[0.8533524, 0.057693742, 0.063714266, -0.007370277, 0.018548552, -0.05037421, -0.013604566, -0.01657625, 0.00946779, -0.11282816, -0.03922678, 0.3966003, -2.069642, 0.5720059, 1.3333324, -0.15854093, 0.1796739, 0.63302964, -0.053897314, -0.043181933, 0.01741758, -0.5585493, -0.14552821, 0.11794185, -0.5822491, 0.39119518, -0.11585557, 0.10059208, -0.47607026, 0.36716077, -1.589351, -0.51294583, -1.1566675, 0.10250418, -0.065225706, -0.5339718]",0.9934951663017273,0.0
1,54,"[0.8416185, 0.04721526, 0.07438008, -0.0016546142, 0.015910571, -0.052169606, -0.018485367, -0.015526348, 0.010102132, -0.11415977, -0.032159474, 0.40259025, -2.0677176, 0.58331156, 1.328627, -0.1558328, 0.17161782, 0.62500584, -0.05177108, -0.042891454, 0.0065377317, -0.54296654, -0.14041081, 0.12277572, -0.5717143, 0.38335973, -0.10890354, 0.09851001, -0.46766442, 0.37944883, -1.6099131, -0.51000506, -1.1637844, 0.091280386, -0.061113928, -0.5277614]",0.9940757155418396,0.0
1,55,"[0.8331825, 0.035860702, 0.08311178, 0.0055424697, 0.009822717, -0.05485046, -0.021460101, -0.014482841, 0.016665451, -0.10914566, -0.023034628, 0.40529472, -2.068367, 0.59117573, 1.3264003, -0.15417998, 0.17076042, 0.61462986, -0.052534096, -0.040067434, -0.004455367, -0.52891475, -0.13577788, 0.12856975, -0.5542109, 0.37645915, -0.10275526, 0.09560492, -0.46138838, 0.3928923, -1.6272522, -0.5108183, -1.1717669, 0.08181974, -0.056305557, -0.52159286]",0.9944481253623962,0.0
1,56,"[0.8297278, 0.023904506, 0.08919588, 0.013401231, 0.0024021845, -0.057657577, -0.022105418, -0.013899285, 0.026510276, -0.0985128, -0.013658331, 0.40426257, -2.0688808, 0.59685415, 1.3276097, -0.15221147, 0.17577812, 0.60214615, -0.055698734, -0.036188893, -0.015365969, -0.51665777, -0.13176346, 0.13351151, -0.52873707, 0.37109905, -0.09705517, 0.09217285, -0.45703232, 0.40285072, -1.640711, -0.517629, -1.1813219, 0.0750789, -0.051282395, -0.51687574]",0.9948291182518005,0.0
1,57,"[0.8309499, 0.011808288, 0.09223614, 0.021132555, -0.0039601997, -0.059811976, -0.020006886, -0.014309357, 0.036396775, -0.0847962, -0.0057885256, 0.4001528, -2.0671082, 0.6020823, 1.331644, -0.14927419, 0.18328932, 0.58835614, -0.059314605, -0.032825164, -0.02611656, -0.5050177, -0.1285513, 0.1369233, -0.4985458, 0.3673328, -0.09120244, 0.088520385, -0.4538321, 0.40594503, -1.6505507, -0.53095275, -1.1923165, 0.070775546, -0.04642932, -0.5144555]",0.9953134655952454,0.0
1,58,"[0.83483166, 0.00012063049, 0.09220786, 0.027996628, -0.00783383, -0.06067759, -0.01541185, -0.016043555, 0.04349734, -0.071255624, -0.0006504427, 0.39443618, -2.0630786, 0.6080798, 1.3366735, -0.14540787, 0.18959379, 0.57429063, -0.060984876, -0.031175423, -0.03651234, -0.4923787, -0.12635314, 0.13930249, -0.46868154, 0.36460882, -0.084674746, 0.08484359, -0.4507978, 0.40132996, -1.6578482, -0.5490222, -1.2037597, 0.067847416, -0.042163324, -0.5137266]",0.9957739114761353,0.0
1,59,"[0.83855915, -0.010624526, 0.0894857, 0.03332834, -0.009430727, -0.059880536, -0.009527309, -0.019020785, 0.046186067, -0.060676552, 0.0013508643, 0.3888975, -2.0589457, 0.6148168, 1.3404431, -0.14110708, 0.19224563, 0.560869, -0.059041698, -0.031756554, -0.046115138, -0.4777465, -0.12536998, 0.14173293, -0.44289312, 0.36197385, -0.07725816, 0.081177086, -0.44685826, 0.3909128, -1.664066, -0.56818795, -1.2141801, 0.06508327, -0.03899537, -0.513007]",0.9960858821868896,0.0
1,60,"[0.8397077, -0.019976508, 0.08481605, 0.0365972, -0.010276948, -0.05735675, -0.0041514337, -0.022680927, 0.044366598, -0.054498427, 0.0006550587, 0.38509575, -2.0573978, 0.6211031, 1.3412106, -0.1369889, 0.19080499, 0.5486561, -0.05327801, -0.034320746, -0.054317813, -0.4612552, -0.12573218, 0.14510873, -0.42174643, 0.35842097, -0.069112636, 0.07744107, -0.44099027, 0.3785231, -1.6704916, -0.58432233, -1.2222812, 0.061631188, -0.037447106, -0.5108216]",0.996276319026947,0.0
1,61,"[0.83722943, -0.027600024, 0.07921737, 0.03749438, -0.012111063, -0.053328488, -0.000800485, -0.026087366, 0.03927345, -0.052569643, -0.0016752935, 0.3839377, -2.0597286, 0.6254908, 1.3384612, -0.13348237, 0.18659177, 0.5377828, -0.044893283, -0.038017448, -0.060574133, -0.44393364, -0.12741831, 0.1496671, -0.40310025, 0.35327157, -0.060685355, 0.07354264, -0.4324972, 0.36845666, -1.6778095, -0.5947935, -1.2275751, 0.057224765, -0.037845887, -0.5069799]",0.9964646100997925,0.0
1,62,"[0.83179563, -0.033289112, 0.073808864, 0.036004182, -0.015741508, -0.048236568, 0.00013428472, -0.028181909, 0.032890636, -0.053510964, -0.0043308767, 0.3854795, -2.0649378, 0.62734115, 1.3330914, -0.13063993, 0.18179996, 0.5280254, -0.035791226, -0.04172858, -0.064633965, -0.4270244, -0.13017732, 0.15502556, -0.3842631, 0.346461, -0.05253782, 0.069460966, -0.4213815, 0.3638852, -1.685992, -0.5999149, -1.2306541, 0.052134953, -0.040113274, -0.50255746]",0.9967299103736877,0.0
1,63,"[0.8253455, -0.036978573, 0.06959335, 0.032411627, -0.02058991, -0.042661622, -0.00035127677, -0.02811709, 0.027229764, -0.055404846, -0.006161591, 0.38899404, -2.070388, 0.62728333, 1.3269851, -0.12813367, 0.17849755, 0.51898026, -0.02768586, -0.044447448, -0.06663628, -0.4113487, -0.13350095, 0.16053152, -0.3640317, 0.33859235, -0.04516719, 0.065267734, -0.40855175, 0.3657356, -1.694523, -0.60283446, -1.2329323, 0.04695931, -0.043680757, -0.49888185]",0.9970293045043945,0.0
1,64,"[0.8200896, -0.038750652, 0.067247584, 0.027232286, -0.025160266, -0.037246693, -0.000382168, -0.025548149, 0.023704035, -0.056490317, -0.006491883, 0.3932577, -2.073427, 0.62679905, 1.3221778, -0.12542623, 0.1779058, 0.5102484, -0.021480642, -0.04557069, -0.06701186, -0.39707, -0.1366814, 0.1655877, -0.34323904, 0.33070374, -0.038885485, 0.061081763, -0.39562997, 0.37252572, -1.7028003, -0.60787326, -1.2359785, 0.042369068, -0.04759773, -0.49645424]",0.9972565174102783,0.0
1,65,"[0.81745183, -0.03882619, 0.06698699, 0.021094538, -0.028069718, -0.03260845, 0.001794938, -0.020776663, 0.02277765, -0.055646308, -0.005255323, 0.39695325, -2.0728636, 0.62729067, 1.3199787, -0.1220251, 0.1801392, 0.50156623, -0.017155066, -0.04501888, -0.06626199, -0.38388973, -0.13894859, 0.16976345, -0.3237229, 0.32383263, -0.03378258, 0.056997273, -0.38435522, 0.38113394, -1.7104949, -0.61822516, -1.2407763, 0.03889209, -0.05079626, -0.4947145]",0.9973902702331543,0.0
1,66,"[0.81745416, -0.037536565, 0.06855076, 0.014624941, -0.02894919, -0.029226039, 0.0068872664, -0.014698849, 0.02396633, -0.05257994, -0.0029191384, 0.39906254, -2.0694158, 0.6292453, 1.3204508, -0.117695086, 0.18436894, 0.49285924, -0.014072177, -0.043168135, -0.064740464, -0.3714289, -0.13964058, 0.17274314, -0.30672854, 0.31857198, -0.029758643, 0.05303595, -0.37585387, 0.3880984, -1.717687, -0.63427675, -1.2472866, 0.036767818, -0.052408826, -0.49274057]",0.9975201487541199,0.0
1,67,"[0.81882024, -0.035281915, 0.071308285, 0.008375816, -0.028636385, -0.027324574, 0.014232719, -0.008580784, 0.026140353, -0.04774958, -0.00024560513, 0.3991352, -2.0650175, 0.63198096, 1.3224821, -0.112539314, 0.18923315, 0.48422635, -0.011426311, -0.040639777, -0.06255256, -0.35948947, -0.13834548, 0.17428762, -0.29200816, 0.31482846, -0.026592458, 0.049151335, -0.37018645, 0.3909511, -1.7247387, -0.6534455, -1.2545241, 0.035884358, -0.052019875, -0.49013737]",0.9977020621299744,0.0
1,68,"[0.81970125, -0.032482825, 0.0744454, 0.0028030556, -0.028577108, -0.026795534, 0.022210006, -0.0037256181, 0.02799352, -0.042109188, 0.0020086342, 0.39736232, -2.0615811, 0.63411236, 1.3243896, -0.10693256, 0.19331154, 0.47587627, -0.008580934, -0.03803948, -0.059607826, -0.34805822, -0.13497241, 0.17432038, -0.2782169, 0.3119021, -0.024017062, 0.045278545, -0.36643663, 0.38907665, -1.7320176, -0.6715055, -1.26109, 0.03579825, -0.049764533, -0.4872888]",0.9978810548782349,0.0
1,69,"[0.8186322, -0.029532107, 0.077169195, -0.0017264942, -0.0298675, -0.027198244, 0.029076137, -0.0011222283, 0.0285083, -0.03676529, 0.0033445926, 0.3944533, -2.0600004, 0.6344704, 1.3247532, -0.10135718, 0.1955409, 0.46804, -0.0052063745, -0.035747133, -0.05577176, -0.3371443, -0.12974684, 0.17307684, -0.26414213, 0.30884337, -0.02178708, 0.041395526, -0.36326423, 0.38376775, -1.7396514, -0.6847375, -1.2658787, 0.035837855, -0.04625063, -0.48483267]",0.9980054497718811,0.0
1,70,"[0.81522655, -0.026754748, 0.07887561, -0.00492891, -0.03256441, -0.027864503, 0.03373767, -0.0011813244, 0.027262762, -0.03262877, 0.003644919, 0.39137527, -2.0599303, 0.6329054, 1.323076, -0.096225634, 0.19549067, 0.46088094, -0.0012755748, -0.03383014, -0.051012687, -0.3266484, -0.12315485, 0.17113772, -0.24970531, 0.304891, -0.019728418, 0.037557043, -0.35956752, 0.3775457, -1.7474451, -0.6918153, -1.2685994, 0.035286095, -0.04234729, -0.48295113]",0.998106837272644,0.0
1,71,"[0.8102682, -0.024382476, 0.079247005, -0.0066189272, -0.035673488, -0.028090239, 0.036066584, -0.0036487733, 0.024492089, -0.030142132, 0.00314578, 0.38904533, -2.0603201, 0.63043964, 1.3199542, -0.09176532, 0.19344017, 0.45442423, 0.0029788916, -0.032095857, -0.04546066, -0.3163904, -0.11586187, 0.16922551, -0.2359521, 0.29975986, -0.017763492, 0.033880375, -0.35487854, 0.37308758, -1.7549809, -0.6942833, -1.2698557, 0.033609267, -0.038923535, -0.48116308]",0.9982157349586487,0.0
1,72,"[0.80521125, -0.022543438, 0.078272335, -0.006745274, -0.03776925, -0.027356807, 0.03667876, -0.007719595, 0.020916278, -0.029157119, 0.002288743, 0.38806695, -2.0602052, 0.62869257, 1.3167044, -0.08799967, 0.19023778, 0.44852537, 0.007106541, -0.030239567, -0.039363444, -0.30626065, -0.10861598, 0.16784029, -0.22411066, 0.2936612, -0.015908621, 0.030492231, -0.34933838, 0.3721798, -1.7618213, -0.69542336, -1.270775, 0.030654777, -0.03661933, -0.47877568]",0.9983090162277222,0.0
1,73,"[0.80140793, -0.02126458, 0.076198354, -0.0054231016, -0.037830874, -0.025501376, 0.03640921, -0.012295891, 0.017426614, -0.029009277, 0.0015218076, 0.38858414, -2.059223, 0.62898976, 1.3146757, -0.084808536, 0.18698022, 0.4428937, 0.010522812, -0.028009567, -0.032989774, -0.29634914, -0.102137506, 0.1669762, -0.21452913, 0.28710383, -0.01424489, 0.027469052, -0.34338447, 0.37509376, -1.7676989, -0.6983494, -1.2724149, 0.026724562, -0.035702076, -0.4755326]",0.9983806014060974,0.0
1,74,"[0.79948545, -0.020485792, 0.07343309, -0.0029369423, -0.035788912, -0.022768343, 0.035848796, -0.016289128, 0.014756352, -0.02877897, 0.0011284223, 0.3902847, -2.0576258, 0.6317056, 1.3146027, -0.08202037, 0.18460777, 0.43716934, 0.012683953, -0.02531497, -0.026550934, -0.28691918, -0.09700471, 0.16613595, -0.20636263, 0.2806189, -0.012869865, 0.024803903, -0.33742204, 0.38060206, -1.7726074, -0.70443946, -1.2752631, 0.022473928, -0.03602874, -0.47184783]",0.998464822769165,0.0
1,75,"[0.7991642, -0.020086069, 0.07043068, 0.00029841205, -0.03249293, -0.019719329, 0.03519727, -0.01887453, 0.013248206, -0.027656114, 0.0011456738, 0.39253762, -2.055945, 0.6361669, 1.3163145, -0.07949022, 0.18355517, 0.43102908, 0.013318913, -0.022242172, -0.020182995, -0.27821943, -0.09355774, 0.16465686, -0.19824634, 0.27454266, -0.011845412, 0.022414774, -0.33167845, 0.38656437, -1.77677, -0.712873, -1.2790642, 0.018666374, -0.037111077, -0.46842965]",0.9985685348510742,0.0
1,76,"[0.79955053, -0.019918196, 0.067588784, 0.0038101156, -0.029180527, -0.017035114, 0.034431756, -0.019641094, 0.012785909, -0.025267709, 0.0013932755, 0.39461142, -2.0546129, 0.6410903, 1.3189054, -0.07714118, 0.18359958, 0.42428228, 0.012595136, -0.018996224, -0.013981635, -0.27027145, -0.09184787, 0.16214016, -0.18939357, 0.26892653, -0.011161866, 0.02018527, -0.32625094, 0.3908123, -1.7805239, -0.7213233, -1.2830259, 0.015885536, -0.038265347, -0.46567076]",0.9986522793769836,0.0
1,77,"[0.7996931, -0.019844225, 0.065182455, 0.0071483543, -0.026806252, -0.015284102, 0.033576716, -0.01862081, 0.012896085, -0.021825545, 0.0015878102, 0.39590055, -2.0537734, 0.6452703, 1.3212386, -0.07497062, 0.18398033, 0.41692114, 0.011092249, -0.015812017, -0.008047761, -0.26280642, -0.09165203, 0.1587012, -0.18024167, 0.263578, -0.0107341455, 0.018013583, -0.32121336, 0.39198652, -1.7841878, -0.72728074, -1.2862573, 0.01432902, -0.038812935, -0.46336672]",0.9986969828605652,0.0
1,78,"[0.7990912, -0.019763445, 0.06334448, 0.00995071, -0.025626168, -0.014742332, 0.032834075, -0.016212322, 0.012969818, -0.018025914, 0.001483902, 0.3960929, -2.0533214, 0.64815176, 1.3225042, -0.07303208, 0.18374643, 0.40911105, 0.009559753, -0.012877591, -0.002503924, -0.25541997, -0.09255181, 0.15488355, -0.17213745, 0.2581898, -0.0104306415, 0.015845867, -0.31664473, 0.3900013, -1.7879664, -0.7292942, -1.288205, 0.013772665, -0.03828301, -0.46098503]",0.9987336993217468,0.0
1,79,"[0.797904, -0.019627782, 0.062084746, 0.011974908, -0.025234137, -0.015325003, 0.03248042, -0.013035298, 0.012515767, -0.014748316, 0.0009806987, 0.39523384, -2.053056, 0.65000516, 1.3225547, -0.07140163, 0.18217808, 0.40113106, 0.0085708555, -0.010292603, 0.0025294148, -0.24784848, -0.09404868, 0.15131253, -0.16629662, 0.25249586, -0.010119668, 0.013682802, -0.3125529, 0.38597444, -1.7919164, -0.72752625, -1.2888778, 0.013713392, -0.03655828, -0.45818934]",0.9987984299659729,0.0
1,80,"[0.79678863, -0.019443389, 0.06133014, 0.013100884, -0.024947703, -0.01664117, 0.032631066, -0.009761985, 0.011348389, -0.012691854, 0.00015568425, 0.39367798, -2.0528045, 0.6516584, 1.3218843, -0.07013432, 0.17908558, 0.39328873, 0.00825925, -0.008065477, 0.0069762557, -0.24017307, -0.09567123, 0.14833279, -0.16282496, 0.24639612, -0.009711227, 0.011563643, -0.3087823, 0.3816981, -1.7959708, -0.7234475, -1.2887808, 0.013615577, -0.033911694, -0.45512068]",0.9988822937011719,0.0
1,81,"[0.7964883, -0.019259445, 0.060965836, 0.01331492, -0.024246983, -0.018137056, 0.03307008, -0.0069702533, 0.009641342, -0.0121108545, -0.0007774634, 0.39195392, -2.0524554, 0.6539899, 1.3213053, -0.069220394, 0.17484535, 0.3858361, 0.008284381, -0.0061391355, 0.0108309705, -0.23279965, -0.09703938, 0.14586405, -0.1605472, 0.24000572, -0.009176677, 0.009540988, -0.3050197, 0.37889498, -1.7999982, -0.7189944, -1.2886306, 0.013142005, -0.030912863, -0.4522089]",0.9989467263221741,0.0
1,82,"[0.79740036, -0.01914749, 0.06086631, 0.01269019, -0.022990968, -0.019269977, 0.033295125, -0.0050485134, 0.007831932, -0.012755826, -0.0015609069, 0.39059067, -2.0519397, 0.65748173, 1.3215199, -0.06855793, 0.17016914, 0.37890732, 0.00803881, -0.004429105, 0.014145355, -0.22621611, -0.097878374, 0.14353772, -0.15776964, 0.23360756, -0.008541052, 0.007659655, -0.30093214, 0.37856117, -1.8038714, -0.7157027, -1.2890148, 0.012266838, -0.028230853, -0.44973853]",0.9989763498306274,0.0
1,83,"[0.79933757, -0.019177042, 0.060914155, 0.011370539, -0.021330692, -0.019657047, 0.032771897, -0.004162172, 0.006424527, -0.014023074, -0.0019939567, 0.38996047, -2.0512195, 0.66203785, 1.3228034, -0.0679594, 0.16573979, 0.37249166, 0.0069745453, -0.0028592965, 0.016983021, -0.22068302, -0.09800323, 0.14098392, -0.15341684, 0.22752823, -0.007855528, 0.0059466846, -0.29636028, 0.38064983, -1.8075209, -0.71419746, -1.2901573, 0.01123435, -0.02640292, -0.44759983]",0.9989994168281555,0.0
1,84,"[0.80158305, -0.019394334, 0.061011292, 0.009554911, -0.019457232, -0.019161811, 0.031243322, -0.004271933, 0.005780386, -0.015223887, -0.0020052104, 0.39018294, -2.0503058, 0.6670942, 1.3249339, -0.06719845, 0.16190791, 0.36645022, 0.0048684664, -0.0013869369, 0.01937079, -0.21606459, -0.097303435, 0.13806081, -0.14772965, 0.22199908, -0.0071653696, 0.0044111824, -0.29143828, 0.3841938, -1.8109528, -0.7141629, -1.291879, 0.010405381, -0.025655394, -0.44544202]",0.9990432262420654,0.0
